1 - 958 9 
2 - 580 9 
3 - 378 9 
4 - 313 9 
5 - 267 9 
6 - 214 9 
7 - 164 9 
8 - 178 9 
9 - 135 9 
10 - 137 9 
11 - 130 9 
12 - 93 9 
13 - 121 9 
14 - 86 9 
15 - 78 9 
16 - 86 9 
17 - 92 9 
18 - 78 9 
19 - 57 9 
20 - 76 9 
21 - 61 9 
22 - 64 9 
23 - 66 9 
24 - 52 9 
25 - 41 9 
26 - 55 9 
27 - 66 9 
28 - 46 9 
29 - 40 9 
30 - 40 9 
31 - 38 9 
32 - 30 9 
33 - 56 9 
34 - 54 9 
35 - 38 9 
36 - 45 9 
37 - 33 9 
38 - 33 9 
39 - 24 9 
40 - 36 9 
41 - 40 9 
42 - 32 9 
43 - 29 9 
44 - 35 9 
45 - 29 9 
46 - 37 9 
47 - 29 9 
48 - 29 9 
49 - 23 9 
50 - 22 9 
52 - 31 9 
53 - 24 9 
54 - 37 9 
55 - 29 9 
56 - 22 9 
57 - 24 9 
58 - 22 9 
61 - 21 9 
62 - 25 9 
66 - 28 9 
67 - 28 9 
68 - 27 9 
69 - 27 9 
71 - 25 9 
72 - 22 9 
73 - 23 9 
82 - 25 9 
1 - 958 9 
2 - 580 9 
3 - 378 9 
4 - 313 9 
5 - 267 9 
6 - 214 9 
7 - 164 9 
8 - 178 9 
9 - 135 9 
10 - 137 9 
11 - 130 9 
12 - 93 9 
13 - 121 9 
14 - 86 9 
15 - 78 9 
16 - 86 9 
17 - 92 9 
18 - 78 9 
19 - 57 9 
20 - 76 9 
21 - 61 9 
22 - 64 9 
23 - 66 9 
24 - 52 9 
25 - 41 9 
26 - 55 9 
27 - 66 9 
28 - 46 9 
29 - 40 9 
30 - 40 9 
31 - 38 9 
32 - 30 9 
33 - 56 9 
34 - 54 9 
35 - 38 9 
36 - 45 9 
37 - 33 9 
38 - 33 9 
39 - 24 9 
40 - 36 9 
41 - 40 9 
42 - 32 9 
43 - 29 9 
44 - 35 9 
45 - 29 9 
46 - 37 9 
47 - 29 9 
48 - 29 9 
49 - 23 9 
50 - 22 9 
52 - 31 9 
53 - 24 9 
54 - 37 9 
55 - 29 9 
56 - 22 9 
57 - 24 9 
1 - 958 9 
2 - 580 9 
3 - 378 9 
4 - 313 9 
5 - 267 9 
6 - 214 9 
7 - 164 9 
8 - 178 9 
9 - 135 9 
10 - 137 9 
11 - 130 9 
12 - 93 9 
13 - 121 9 
14 - 86 9 
15 - 78 9 
16 - 86 9 
17 - 92 9 
18 - 78 9 
19 - 57 9 
20 - 76 9 
21 - 61 9 
22 - 64 9 
23 - 66 9 
24 - 52 9 
25 - 41 9 
26 - 55 9 
27 - 66 9 
28 - 46 9 
29 - 40 9 
30 - 40 9 
31 - 38 9 
32 - 30 9 
33 - 56 9 
34 - 54 9 
35 - 38 9 
36 - 45 9 
37 - 33 9 
38 - 33 9 
39 - 24 9 
40 - 36 9 
41 - 40 9 
42 - 32 9 
43 - 29 9 
44 - 35 9 
45 - 29 9 
46 - 37 9 
47 - 29 9 
48 - 29 9 
49 - 23 9 
50 - 22 9 
52 - 31 9 
53 - 24 9 
54 - 37 9 
55 - 29 9 
56 - 22 9 
57 - 24 9 
58 - 22 9 
61 - 21 9 
62 - 25 9 
66 - 28 9 
67 - 28 9 
68 - 27 9 
69 - 27 9 
71 - 25 9 
72 - 22 9 
73 - 23 9 
82 - 25 9 
